796 mouse_796 30929.98 247
1469 headphones_1469 35216.44 266
479 charger_479 5264.74 175
808 mouse_808 4765.68 194
1506 phone_case_1506 21504.92 246
1280 ssd_drive_1280 11801.81 6
1144 monitor_1144 32129.13 198
1433 router_1433 33617.09 128
84 webcam_84 48438.60 296
1957 headphones_1957 16360.90 36
1582 desk_lamp_1582 13216.17 137
1327 headphones_1327 37990.07 113
1024 charger_1024 43315.01 159
897 speaker_897 37641.04 32
771 ssd_drive_771 15229.08 7
1148 microphone_1148 41870.23 288
1835 phone_case_1835 26939.67 20
1906 notebook_1906 34306.12 181
1066 ssd_drive_1066 6214.13 236
1459 keyboard_1459 33167.66 84
998 notebook_998 31751.28 33
793 usb_cable_793 42142.98 118
770 desk_lamp_770 10929.12 106
1258 hdd_drive_1258 37530.77 84
353 power_bank_353 8864.44 67
267 notebook_267 33093.03 101
1683 tablet_case_1683 11710.46 285
43 charger_43 261.94 134
529 microphone_529 21049.29 234
98 keyboard_98 22968.45 288
1072 mouse_1072 30743.92 125
1868 usb_cable_1868 42706.08 295
1014 microphone_1014 37064.92 1
1412 keyboard_1412 32107.00 32
1565 microphone_1565 43649.85 105
831 microphone_831 35684.12 42
839 monitor_839 17760.32 47
1124 headphones_1124 41457.47 295
702 usb_cable_702 23924.96 127
343 hdd_drive_343 28783.12 151
1673 hdd_drive_1673 44387.23 111
1797 laptop_stand_1797 1016.77 180
803 pen_803 26370.15 181
828 desk_lamp_828 47063.03 221
1294 speaker_1294 41801.85 244
1669 tablet_case_1669 19517.24 159
1620 headphones_1620 4868.13 242
1716 webcam_1716 48033.28 49
1676 notebook_1676 6070.51 124
1893 keyboard_1893 32066.85 144
138 power_bank_138 30349.82 261
216 charger_216 35394.70 222
1161 mouse_1161 21226.41 222
28 notebook_28 43830.74 161
277 monitor_277 11523.33 294
1622 phone_case_1622 38273.32 42
1926 pen_1926 43606.57 170
1988 power_bank_1988 7797.94 64
1390 headphones_1390 33480.03 228
423 desk_lamp_423 18441.30 142
265 router_265 35179.08 232
173 charger_173 3966.42 146
316 phone_case_316 48271.14 169
732 laptop_stand_732 38471.71 215
254 headphones_254 27947.84 213
965 keyboard_965 34810.30 61
400 mouse_400 49929.48 205
1798 hdd_drive_1798 31299.03 120
1232 charger_1232 42575.57 240
252 usb_cable_252 7544.96 288
355 phone_case_355 25139.56 139
1960 desk_lamp_1960 8035.11 246
1886 phone_case_1886 36486.32 254
875 ssd_drive_875 48289.27 220
1804 phone_case_1804 48034.22 116
1067 mouse_1067 8482.66 293
1354 headphones_1354 38062.67 287
1247 flash_drive_1247 332.99 273
1524 microphone_1524 22385.08 82
856 ssd_drive_856 14643.26 251
1938 notebook_1938 12316.77 36
184 desk_lamp_184 37401.03 279
61 microphone_61 29463.16 3
574 microphone_574 48029.95 13
92 microphone_92 28988.06 20
69 power_bank_69 17779.45 210
739 keyboard_739 37833.35 152
988 power_bank_988 18334.08 88
768 mouse_768 13496.23 20
1750 power_bank_1750 46519.28 61
1813 laptop_stand_1813 15948.12 74
1360 router_1360 34201.18 74
1225 desk_lamp_1225 9138.68 49
133 flash_drive_133 34007.95 274
1250 webcam_1250 994.01 2
1033 flash_drive_1033 42465.40 157
927 headphones_927 36825.84 126
1172 power_bank_1172 13280.42 248
1685 webcam_1685 1165.51 193
123 laptop_stand_123 48812.68 90
1751 microphone_1751 37409.16 5
528 microphone_528 15127.44 24
1601 speaker_1601 17272.60 210
1115 ssd_drive_1115 37292.63 121
1002 router_1002 33337.37 89
197 keyboard_197 37476.31 26
1407 laptop_stand_1407 39731.32 285
1915 webcam_1915 26302.51 89
1332 headphones_1332 12789.04 100
464 monitor_464 8939.59 252
1184 pen_1184 32313.19 96
402 charger_402 3767.19 41
1364 pen_1364 43414.97 287
68 power_bank_68 9601.45 49
1678 tablet_case_1678 34451.49 79
369 router_369 32497.05 59
1943 power_bank_1943 19656.65 228
70 charger_70 43205.45 27
820 monitor_820 15033.92 288
1164 monitor_1164 19466.15 203
1377 usb_cable_1377 8130.35 130
1581 pen_1581 43105.92 95
592 monitor_592 22553.73 264
1032 keyboard_1032 47554.41 0
427 keyboard_427 9102.76 158
1420 router_1420 48010.70 73
709 phone_case_709 46162.99 159
760 laptop_stand_760 37745.36 242
1905 desk_lamp_1905 26840.69 106
788 tablet_case_788 23095.37 180
188 laptop_stand_188 42041.23 65
548 mouse_548 39576.35 21
1624 monitor_1624 32776.15 199
972 charger_972 17624.27 109
1276 speaker_1276 41591.79 103
1635 charger_1635 15462.62 211
1292 hdd_drive_1292 40766.72 93
1038 power_bank_1038 35072.26 190
1546 charger_1546 46492.72 294
1950 usb_cable_1950 43068.70 132
1496 charger_1496 29867.01 35
33 notebook_33 20030.09 112
1259 flash_drive_1259 1054.32 114
1833 phone_case_1833 5554.88 233
1931 router_1931 13904.81 163
292 charger_292 38023.53 104
1880 pen_1880 3003.41 292
1240 charger_1240 7246.89 92
1480 laptop_stand_1480 18174.92 60
298 headphones_298 23126.25 60
1333 webcam_1333 6125.22 201
1224 hdd_drive_1224 25415.01 87
731 tablet_case_731 1683.57 209
1932 charger_1932 33589.09 139
653 notebook_653 24074.39 268
519 hdd_drive_519 11865.33 41
1101 usb_cable_1101 38740.89 269
1549 phone_case_1549 14783.17 59
1234 notebook_1234 47220.62 36
1626 charger_1626 31361.39 67
1476 tablet_case_1476 39653.61 3
25 microphone_25 34262.25 28
1176 mouse_1176 19850.06 169
536 monitor_536 47674.84 278
1696 keyboard_1696 31024.76 186
1803 usb_cable_1803 4480.97 195
1809 usb_cable_1809 15519.02 268
1978 monitor_1978 29178.08 261
1110 usb_cable_1110 8967.64 0
801 laptop_stand_801 5440.12 49
1504 keyboard_1504 44858.75 220
1659 hdd_drive_1659 23237.85 16
1628 mouse_1628 33211.10 166
1689 webcam_1689 28378.42 278
1580 notebook_1580 5127.32 185
157 usb_cable_157 1318.83 125
546 laptop_stand_546 40593.73 32
1516 speaker_1516 13139.01 274
266 monitor_266 34400.51 135
1884 speaker_1884 26317.02 181
1208 hdd_drive_1208 23004.00 111
1652 pen_1652 24650.60 164
956 webcam_956 49785.13 67
1369 desk_lamp_1369 2784.73 128
1911 router_1911 35292.78 161
305 power_bank_305 17059.77 259
183 router_183 37698.41 214
289 flash_drive_289 43259.04 0
359 usb_cable_359 37732.16 115
200 webcam_200 41977.52 78
462 microphone_462 5229.95 131
1064 keyboard_1064 49858.36 101
814 webcam_814 45073.52 290
122 pen_122 37498.93 121
1045 ssd_drive_1045 22692.62 119
713 pen_713 18743.88 281
1966 notebook_1966 29844.17 166
579 monitor_579 22656.93 227
714 tablet_case_714 37891.79 111
1967 desk_lamp_1967 4972.93 227
362 keyboard_362 13296.48 63
1287 router_1287 18074.71 160
1171 router_1171 43387.02 176
909 notebook_909 19247.13 95
459 monitor_459 25573.12 58
99 headphones_99 3755.71 109
1435 tablet_case_1435 47581.84 182
1639 keyboard_1639 34419.72 251
737 headphones_737 9005.83 275
1502 phone_case_1502 37643.92 47
1295 power_bank_1295 32477.44 85
1737 speaker_1737 45963.69 261
843 microphone_843 28640.83 86
345 speaker_345 504.09 25
1342 notebook_1342 8765.15 65
1882 pen_1882 46701.19 147
719 webcam_719 28677.81 76
1402 power_bank_1402 41799.69 105
730 mouse_730 46735.68 35
358 headphones_358 23469.74 38
19 flash_drive_19 13970.88 186
1657 keyboard_1657 24729.62 175
1393 flash_drive_1393 45805.03 58
1634 desk_lamp_1634 11433.71 45
672 hdd_drive_672 47734.98 74
1304 phone_case_1304 38399.68 295
667 router_667 38581.60 106
631 hdd_drive_631 38216.45 187
752 ssd_drive_752 28915.99 164
275 monitor_275 29942.03 221
637 usb_cable_637 48756.63 201
18 monitor_18 42780.35 51
1560 flash_drive_1560 33717.53 175
487 flash_drive_487 14278.93 76
1316 monitor_1316 23008.82 293
253 router_253 4350.53 127
1617 power_bank_1617 8449.17 11
994 monitor_994 32062.81 275
364 notebook_364 19113.17 190
873 laptop_stand_873 32385.29 22
1029 webcam_1029 36649.92 279
1357 keyboard_1357 26184.23 12
226 desk_lamp_226 606.54 97
1945 webcam_1945 35673.64 273
783 notebook_783 36028.60 151
983 tablet_case_983 19355.69 123
297 desk_lamp_297 20458.74 115
1204 tablet_case_1204 45584.62 88
1832 pen_1832 26854.35 19
810 keyboard_810 35171.97 42
596 headphones_596 25953.30 155
1539 laptop_stand_1539 4433.46 141
1537 phone_case_1537 34952.64 86
198 hdd_drive_198 11288.69 35
538 desk_lamp_538 1114.68 240
915 flash_drive_915 48195.07 258
1431 mouse_1431 42584.25 281
1970 ssd_drive_1970 24765.33 31
1940 desk_lamp_1940 22238.02 66
1133 mouse_1133 5152.76 105
1396 phone_case_1396 40160.56 228
75 monitor_75 22212.22 281
889 headphones_889 33889.25 84
1660 ssd_drive_1660 4103.13 74
1475 phone_case_1475 20351.53 176
1478 laptop_stand_1478 11576.54 263
1426 webcam_1426 37440.00 176
595 power_bank_595 25192.90 28
794 monitor_794 35387.76 4
1854 usb_cable_1854 8189.99 74
1418 tablet_case_1418 7900.54 112
774 flash_drive_774 45764.81 282
87 phone_case_87 45977.42 271
1163 pen_1163 12968.53 34
114 desk_lamp_114 35312.81 287
428 ssd_drive_428 17616.07 92
386 monitor_386 41507.91 283
397 phone_case_397 29723.93 231
657 webcam_657 1044.97 160
1375 phone_case_1375 6055.76 20
1334 webcam_1334 22906.60 97
410 power_bank_410 17012.69 232
880 charger_880 38639.88 256
1976 router_1976 28556.79 155
1481 microphone_1481 20789.22 169
46 phone_case_46 30487.61 78
1448 pen_1448 4190.49 143
1344 phone_case_1344 44081.39 214
88 laptop_stand_88 2938.29 260
1465 microphone_1465 2236.14 105
11 headphones_11 4728.02 49
1490 keyboard_1490 43937.60 145
429 usb_cable_429 28359.42 205
1307 power_bank_1307 33119.49 127
214 keyboard_214 42493.82 250
208 flash_drive_208 47079.38 101
877 microphone_877 25582.74 265
403 ssd_drive_403 30454.04 33
1022 mouse_1022 9049.28 264
1062 hdd_drive_1062 34345.63 43
1215 ssd_drive_1215 43088.43 133
1387 webcam_1387 33200.39 169
1641 router_1641 29890.49 3
1667 webcam_1667 23095.65 48
561 router_561 22351.20 218
1951 hdd_drive_1951 19664.64 169
1488 speaker_1488 46130.10 264
587 notebook_587 18508.67 282
581 hdd_drive_581 35506.07 281
545 charger_545 49042.88 245
1646 power_bank_1646 31303.62 264
1003 headphones_1003 731.98 70
816 speaker_816 44975.65 288
440 router_440 33943.07 249
90 pen_90 3491.25 120
350 router_350 39451.66 17
255 pen_255 29846.73 115
1456 hdd_drive_1456 19685.67 148
1138 usb_cable_1138 2819.79 1
1217 microphone_1217 44994.38 206
764 desk_lamp_764 26546.59 198
576 desk_lamp_576 5976.27 133
758 phone_case_758 16004.85 213
1997 power_bank_1997 30268.21 295
1493 pen_1493 7221.34 298
1512 keyboard_1512 28941.56 60
383 monitor_383 33172.16 10
1083 mouse_1083 40451.83 241
696 headphones_696 16601.14 234
1836 desk_lamp_1836 19431.15 25
1744 webcam_1744 36739.87 166
1927 charger_1927 44470.38 52
1257 usb_cable_1257 17202.37 250
270 monitor_270 3075.94 157
627 webcam_627 29208.87 24
1485 usb_cable_1485 28716.98 82
1125 microphone_1125 8216.56 37
1428 usb_cable_1428 8131.62 113
1717 headphones_1717 36286.08 272
177 webcam_177 3305.02 208
1298 notebook_1298 33951.82 92
1749 ssd_drive_1749 17461.72 222
526 usb_cable_526 27485.33 270
1682 desk_lamp_1682 39594.17 64
524 tablet_case_524 22485.21 2
1892 desk_lamp_1892 40321.57 108
1058 desk_lamp_1058 37429.11 127
1856 power_bank_1856 15472.30 228
1743 monitor_1743 28567.31 291
1389 tablet_case_1389 49831.89 4
855 tablet_case_855 15777.75 203
388 ssd_drive_388 38740.99 1
978 microphone_978 27714.49 145
954 keyboard_954 6299.44 80
1782 speaker_1782 27485.12 72
656 mouse_656 28671.26 56
1425 desk_lamp_1425 47354.27 156
1953 monitor_1953 23819.18 179
1629 tablet_case_1629 23412.95 276
1980 mouse_1980 18524.22 281
1695 phone_case_1695 19014.27 94
291 webcam_291 25970.13 255
663 charger_663 45615.00 175
1902 desk_lamp_1902 44806.84 236
1511 power_bank_1511 12964.47 2
722 notebook_722 24492.52 261
724 usb_cable_724 25711.07 233
961 microphone_961 21518.62 46
215 headphones_215 21732.82 185
1545 microphone_1545 30357.53 99
1175 pen_1175 30471.90 205
523 tablet_case_523 34833.99 71
478 phone_case_478 7627.97 31
1796 router_1796 16745.12 201
1411 flash_drive_1411 33697.61 273
1859 pen_1859 38293.25 6
1120 speaker_1120 39372.30 0
1862 microphone_1862 10922.00 243
401 power_bank_401 34336.27 251
1116 hdd_drive_1116 49120.74 85
1675 ssd_drive_1675 851.88 141
1619 monitor_1619 10607.52 203
1406 mouse_1406 4467.29 27
921 desk_lamp_921 14504.65 234
1621 desk_lamp_1621 2785.89 203
1505 phone_case_1505 21092.13 22
611 tablet_case_611 12319.41 207
840 pen_840 29942.39 166
745 pen_745 38326.07 8
1353 laptop_stand_1353 25244.28 165
137 hdd_drive_137 36454.40 160
1515 usb_cable_1515 21360.97 299
415 monitor_415 21650.64 190
938 headphones_938 6865.89 210
1962 notebook_1962 21614.31 222
1852 flash_drive_1852 27562.26 22
1017 flash_drive_1017 46019.30 91
346 pen_346 37284.09 146
1756 charger_1756 37666.73 294
1109 router_1109 36726.35 150
806 notebook_806 12236.07 115
1520 laptop_stand_1520 18573.63 284
1529 pen_1529 21825.33 32
116 desk_lamp_116 1897.80 189
1223 desk_lamp_1223 31951.85 243
1455 desk_lamp_1455 23657.99 76
1567 pen_1567 17865.77 54
936 laptop_stand_936 16250.32 149
189 pen_189 26752.77 201
1278 laptop_stand_1278 2066.34 254
1173 notebook_1173 30487.21 19
899 laptop_stand_899 18353.07 100
1875 hdd_drive_1875 44886.74 34
984 tablet_case_984 31940.31 36
1916 headphones_1916 18773.36 19
1452 keyboard_1452 40650.86 296
109 webcam_109 34406.11 135
1082 keyboard_1082 44798.66 143
1031 keyboard_1031 11726.59 177
1228 ssd_drive_1228 32756.29 113
181 keyboard_181 42850.93 294
160 webcam_160 35945.46 196
308 tablet_case_308 43276.50 228
1419 usb_cable_1419 37363.02 279
1788 hdd_drive_1788 43227.69 9
1027 notebook_1027 39246.91 124
1165 desk_lamp_1165 16373.73 141
385 usb_cable_385 39370.21 105
1444 speaker_1444 42021.49 68
182 flash_drive_182 23901.29 180
902 pen_902 19493.10 200
1588 notebook_1588 34331.99 51
1194 phone_case_1194 19907.42 63
895 charger_895 29650.94 199
1010 monitor_1010 24857.76 261
1661 mouse_1661 13398.53 200
735 flash_drive_735 4104.47 276
1648 router_1648 32458.01 272
1155 tablet_case_1155 15012.72 202
1028 charger_1028 18476.85 252
416 usb_cable_416 27862.90 300
1308 tablet_case_1308 17352.90 197
379 hdd_drive_379 5057.80 188
382 headphones_382 47455.64 232
50 router_50 12048.67 123
658 power_bank_658 7656.42 104
738 flash_drive_738 26489.24 114
1720 desk_lamp_1720 37484.80 212
971 keyboard_971 30554.93 84
1760 notebook_1760 37291.22 280
1925 headphones_1925 305.08 22
686 monitor_686 32649.71 118
352 monitor_352 45490.43 167
1422 keyboard_1422 27720.86 284
1349 router_1349 42169.41 280
1823 tablet_case_1823 23744.96 83
1440 notebook_1440 7704.51 290
1414 hdd_drive_1414 46409.58 54
1326 hdd_drive_1326 35824.08 58
161 tablet_case_161 20042.68 75
1922 headphones_1922 41124.71 264
1879 phone_case_1879 10571.28 107
1370 webcam_1370 31066.03 226
1753 mouse_1753 16033.90 289
1203 phone_case_1203 1100.61 4
900 charger_900 5786.35 250
1919 phone_case_1919 7788.48 174
212 mouse_212 17425.47 219
1718 flash_drive_1718 9554.07 269
577 charger_577 10807.06 146
629 router_629 26880.87 55
486 monitor_486 16551.57 285
980 webcam_980 25935.68 260
1095 tablet_case_1095 1994.39 28
370 usb_cable_370 2362.81 19
1093 usb_cable_1093 28199.13 96
1012 laptop_stand_1012 18447.62 130
989 tablet_case_989 47727.20 37
1904 phone_case_1904 15037.25 161
1618 usb_cable_1618 36415.84 128
640 webcam_640 30162.90 205
1319 keyboard_1319 5221.90 211
360 flash_drive_360 48366.76 285
1848 laptop_stand_1848 35946.90 63
1439 ssd_drive_1439 30855.49 156
221 speaker_221 44093.40 124
1015 mouse_1015 42948.58 6
913 pen_913 2775.20 183
750 mouse_750 7092.77 148
1557 microphone_1557 40028.05 211
534 microphone_534 28576.12 95
1593 power_bank_1593 25029.93 264
1460 phone_case_1460 7104.50 81
1391 microphone_1391 45234.37 124
858 flash_drive_858 14086.98 201
281 speaker_281 9156.31 299
300 phone_case_300 35300.04 212
762 usb_cable_762 40308.23 29
320 usb_cable_320 3833.93 135
1151 power_bank_1151 48538.21 116
1385 laptop_stand_1385 20854.97 274
904 charger_904 30906.40 152
718 mouse_718 41455.83 258
836 headphones_836 6712.10 95
928 router_928 43753.01 16
1559 speaker_1559 12488.05 47
1346 speaker_1346 19953.71 175
791 mouse_791 26244.83 38
228 tablet_case_228 27803.29 123
1121 mouse_1121 19358.26 214
365 headphones_365 33774.34 241
1849 monitor_1849 5796.83 230
975 usb_cable_975 37647.04 196
1961 flash_drive_1961 3396.39 106
1735 keyboard_1735 15086.66 113
1815 power_bank_1815 15237.07 140
569 hdd_drive_569 18171.31 290
32 speaker_32 37375.99 219
1874 monitor_1874 38448.75 165
1282 tablet_case_1282 7542.31 46
802 phone_case_802 7529.98 98
1613 ssd_drive_1613 15912.22 149
516 power_bank_516 4676.51 113
1051 speaker_1051 42638.86 46
1079 hdd_drive_1079 45642.58 257
896 keyboard_896 35266.31 105
1211 keyboard_1211 25624.53 191
1703 mouse_1703 41776.15 66
1872 desk_lamp_1872 8953.22 233
1597 mouse_1597 10851.82 130
1522 notebook_1522 17283.38 203
790 tablet_case_790 9283.98 277
54 desk_lamp_54 8339.84 270
773 tablet_case_773 45730.62 104
1177 microphone_1177 2559.62 243
1808 usb_cable_1808 29093.43 103
912 usb_cable_912 9436.22 230
244 usb_cable_244 13788.14 27
367 ssd_drive_367 45771.27 113
781 microphone_781 37088.49 8
1855 laptop_stand_1855 38480.92 26
967 monitor_967 11524.45 45
113 speaker_113 8162.94 226
1986 laptop_stand_1986 23796.08 96
662 phone_case_662 18903.56 88
1063 notebook_1063 29347.33 38
846 monitor_846 8443.65 141
1283 phone_case_1283 3844.91 51
830 monitor_830 38631.15 151
1878 speaker_1878 16527.51 211
1779 router_1779 22558.07 11
239 webcam_239 10897.59 247
1424 notebook_1424 29873.08 275
1533 router_1533 35609.13 29
755 speaker_755 3141.79 89
1174 laptop_stand_1174 13843.17 73
129 hdd_drive_129 15329.02 116
1650 laptop_stand_1650 6917.54 56
1337 charger_1337 22923.66 258
1998 tablet_case_1998 42355.51 121
1819 pen_1819 11685.91 13
1789 router_1789 43383.78 197
1566 microphone_1566 10218.05 127
1690 hdd_drive_1690 16251.68 239
126 speaker_126 8043.97 55
1591 usb_cable_1591 40021.87 76
838 phone_case_838 20461.40 13
1185 charger_1185 10648.39 208
63 microphone_63 3463.28 16
707 microphone_707 3200.00 60
1568 headphones_1568 46017.39 252
377 mouse_377 34545.01 111
1738 desk_lamp_1738 28576.34 292
372 headphones_372 11816.52 275
242 webcam_242 14882.70 184
1712 hdd_drive_1712 27945.19 212
743 speaker_743 9505.17 57
1421 router_1421 33896.72 191
682 keyboard_682 48229.49 80
34 usb_cable_34 25525.36 46
287 desk_lamp_287 1931.19 45
1992 monitor_1992 6947.29 212
823 monitor_823 25089.56 177
102 router_102 7971.57 278
1275 tablet_case_1275 10012.47 102
1934 keyboard_1934 47919.07 286
1901 usb_cable_1901 24126.63 235
1157 notebook_1157 33908.99 75
1097 phone_case_1097 23951.65 169
465 charger_465 37746.85 296
1089 hdd_drive_1089 46766.78 88
1708 mouse_1708 18381.07 36
551 tablet_case_551 12740.36 97
754 phone_case_754 11130.03 153
659 power_bank_659 25140.79 241
1907 monitor_1907 48483.70 143
1876 power_bank_1876 42181.15 33
985 phone_case_985 44447.35 6
39 speaker_39 48556.81 5
47 hdd_drive_47 38149.29 276
1399 laptop_stand_1399 48584.28 275
1616 notebook_1616 26094.69 230
934 webcam_934 40291.48 291
841 flash_drive_841 715.80 211
476 charger_476 45461.59 292
1707 tablet_case_1707 26338.49 131
227 monitor_227 12143.67 208
1192 mouse_1192 22876.79 184
575 laptop_stand_575 25002.29 198
1074 tablet_case_1074 3142.86 143
483 hdd_drive_483 18705.31 144
805 hdd_drive_805 47968.96 235
1677 keyboard_1677 48444.86 297
1599 charger_1599 37255.20 133
685 ssd_drive_685 14342.23 30
1078 tablet_case_1078 27271.44 248
1570 mouse_1570 42415.73 190
1442 laptop_stand_1442 341.11 126
916 tablet_case_916 20515.80 251
127 flash_drive_127 43621.12 240
1152 desk_lamp_1152 3143.09 198
1019 microphone_1019 16157.92 213
870 power_bank_870 27227.90 184
405 desk_lamp_405 35636.42 195
2000 notebook_2000 18411.80 19
761 microphone_761 42482.11 153
1898 pen_1898 48009.63 89
1924 charger_1924 19440.65 267
232 router_232 33231.61 188
145 ssd_drive_145 20179.78 151
78 laptop_stand_78 20380.06 246
987 flash_drive_987 43054.62 291
1009 phone_case_1009 3287.21 295
772 webcam_772 46864.27 60
1401 webcam_1401 33549.72 109
1761 flash_drive_1761 13201.64 204
264 router_264 1728.73 147
169 charger_169 44870.68 243
1969 monitor_1969 29953.13 194
514 monitor_514 38179.53 139
729 hdd_drive_729 35049.21 277
375 power_bank_375 32780.60 250
1405 keyboard_1405 23015.34 169
1867 mouse_1867 32698.52 18
1090 laptop_stand_1090 11903.90 162
1928 phone_case_1928 38332.39 159
1271 phone_case_1271 13571.86 70
1888 router_1888 48964.96 0
804 speaker_804 39767.32 40
749 charger_749 11793.53 111
885 webcam_885 26103.63 178
374 desk_lamp_374 21014.42 79
1990 usb_cable_1990 36094.83 249
35 mouse_35 43069.04 78
1541 flash_drive_1541 29345.40 265
1468 mouse_1468 2091.24 165
1952 ssd_drive_1952 22718.83 15
1395 keyboard_1395 45575.66 191
100 phone_case_100 13333.50 178
1877 router_1877 23593.76 62
1985 flash_drive_1985 21815.98 108
1721 headphones_1721 38337.54 295
1583 tablet_case_1583 47930.49 175
195 speaker_195 37625.29 215
652 notebook_652 11454.41 26
1831 ssd_drive_1831 19768.12 292
1159 laptop_stand_1159 47458.17 85
622 ssd_drive_622 46694.20 160
236 speaker_236 15400.49 118
294 charger_294 44054.25 248
1054 usb_cable_1054 4651.52 127
621 pen_621 20964.92 81
1860 charger_1860 24931.62 255
1306 phone_case_1306 26202.85 48
9 power_bank_9 17078.50 79
282 power_bank_282 31775.76 251
406 pen_406 26574.79 232
675 tablet_case_675 10777.94 275
23 microphone_23 8253.78 194
1734 phone_case_1734 6840.78 154
1896 keyboard_1896 5780.45 170
589 monitor_589 15533.61 245
1625 router_1625 11544.86 145
1746 headphones_1746 29802.04 153
1246 power_bank_1246 20229.33 244
1766 microphone_1766 12191.52 136
1757 phone_case_1757 4595.14 221
851 keyboard_851 47446.29 170
1923 usb_cable_1923 10338.84 18
1043 microphone_1043 14654.63 161
310 desk_lamp_310 38167.35 193
815 tablet_case_815 13627.64 38
968 headphones_968 5249.76 188
1137 flash_drive_1137 28631.31 251
1829 charger_1829 44390.59 218
1050 webcam_1050 22650.66 237
826 ssd_drive_826 1578.32 139
1732 charger_1732 47995.24 0
1070 laptop_stand_1070 17761.77 95
76 headphones_76 2624.36 276
1759 usb_cable_1759 16874.79 243
560 monitor_560 16463.20 151
694 phone_case_694 24746.23 68
751 microphone_751 40807.73 294
1913 tablet_case_1913 43864.73 190
10 webcam_10 47864.93 172
683 power_bank_683 32679.35 243
1241 monitor_1241 24430.28 90
471 monitor_471 15589.35 231
1912 mouse_1912 13647.72 44
654 pen_654 38752.85 194
863 webcam_863 21978.90 149
238 headphones_238 37169.77 94
1895 router_1895 25383.81 165
598 hdd_drive_598 47379.41 265
1666 microphone_1666 36907.19 17
247 notebook_247 14288.53 245
700 power_bank_700 25812.50 44
635 charger_635 38243.77 143
1129 laptop_stand_1129 36626.06 280
625 tablet_case_625 1256.50 201
81 speaker_81 46333.25 232
950 tablet_case_950 13499.99 145
1055 hdd_drive_1055 19872.60 25
185 pen_185 44900.79 249
1169 notebook_1169 29437.91 51
1025 ssd_drive_1025 4410.64 233
926 charger_926 27363.03 217
1423 usb_cable_1423 6249.43 2
251 tablet_case_251 3796.70 27
1338 usb_cable_1338 48196.35 2
442 microphone_442 19823.64 28
384 mouse_384 39361.05 124
1085 microphone_1085 48701.60 51
301 tablet_case_301 49014.21 124
58 charger_58 44990.74 231
1466 phone_case_1466 45395.53 184
48 phone_case_48 45932.83 165
1908 keyboard_1908 17023.71 192
307 router_307 41890.05 296
1726 hdd_drive_1726 45134.00 281
171 speaker_171 38314.10 266
455 hdd_drive_455 4497.68 54
1415 router_1415 39365.91 154
1285 router_1285 13279.84 25
649 hdd_drive_649 16628.86 56
101 monitor_101 43975.59 189
445 ssd_drive_445 6087.22 254
93 pen_93 4190.97 298
233 tablet_case_233 27718.30 176
1897 ssd_drive_1897 19862.86 291
701 flash_drive_701 33495.87 94
1958 router_1958 26684.00 205
241 pen_241 14221.64 51
71 headphones_71 3124.57 173
633 desk_lamp_633 9813.30 283
37 pen_37 3270.03 195
1214 monitor_1214 16880.55 141
1146 hdd_drive_1146 9410.49 22
1946 monitor_1946 48686.73 238
642 usb_cable_642 35708.23 242
325 microphone_325 31594.93 147
1883 power_bank_1883 30481.35 162
1457 usb_cable_1457 23288.59 261
1216 router_1216 9499.17 264
337 charger_337 45070.35 279
1503 tablet_case_1503 33003.69 276
1140 webcam_1140 4939.65 105
1345 pen_1345 45803.92 127
710 headphones_710 31971.70 151
1615 speaker_1615 44395.82 185
347 microphone_347 30392.54 180
1552 flash_drive_1552 28202.11 124
1289 mouse_1289 582.65 70
77 keyboard_77 48452.91 121
1291 pen_1291 13488.64 47
1226 tablet_case_1226 6484.41 132
420 hdd_drive_420 5269.67 259
148 pen_148 28498.35 207
1086 microphone_1086 32877.53 136
16 notebook_16 9695.20 35
848 hdd_drive_848 12659.82 126
1847 charger_1847 4599.97 165
786 tablet_case_786 27577.06 172
451 ssd_drive_451 28830.38 293
1229 hdd_drive_1229 11244.06 157
340 speaker_340 22896.11 154
605 notebook_605 2155.60 14
1199 monitor_1199 14324.96 197
130 microphone_130 1280.86 98
917 power_bank_917 35536.10 227
1863 charger_1863 20566.55 40
1182 usb_cable_1182 15093.97 226
1020 ssd_drive_1020 13635.77 39
680 headphones_680 20723.74 241
1543 monitor_1543 27524.67 286
391 headphones_391 33086.78 13
854 router_854 16101.19 102
1806 power_bank_1806 48529.80 168
763 desk_lamp_763 20692.61 213
1303 speaker_1303 32783.18 6
45 headphones_45 43538.88 152
421 webcam_421 7821.04 246
795 webcam_795 25336.07 191
1021 notebook_1021 18703.13 257
1398 ssd_drive_1398 25743.35 49
1335 ssd_drive_1335 5477.51 212
1098 pen_1098 10153.07 66
1551 notebook_1551 12582.06 226
1686 hdd_drive_1686 36247.52 128
330 router_330 17987.32 220
1445 ssd_drive_1445 43906.50 236
387 webcam_387 29360.52 119
1929 keyboard_1929 28920.24 159
1312 laptop_stand_1312 3835.78 251
869 notebook_869 20100.17 259
1644 laptop_stand_1644 35775.41 199
354 desk_lamp_354 43835.38 187
496 ssd_drive_496 47388.65 248
552 router_552 17913.01 24
1994 pen_1994 9071.89 260
1005 phone_case_1005 25909.42 132
1365 microphone_1365 37146.40 287
676 speaker_676 46657.89 139
594 notebook_594 9179.96 66
960 mouse_960 19877.44 156
1057 keyboard_1057 47609.62 231
1767 power_bank_1767 16238.24 294
290 desk_lamp_290 23152.62 27
3 desk_lamp_3 4438.25 216
887 ssd_drive_887 3452.00 22
520 hdd_drive_520 11304.48 163
1018 mouse_1018 27687.95 214
349 usb_cable_349 31449.58 20
425 desk_lamp_425 48729.88 285
809 flash_drive_809 27679.80 28
910 tablet_case_910 31811.53 88
283 monitor_283 23553.52 209
72 headphones_72 12507.95 97
1596 mouse_1596 19980.25 83
1729 pen_1729 12112.06 279
521 headphones_521 41974.90 171
1535 keyboard_1535 10165.19 265
196 speaker_196 41762.05 240
1096 microphone_1096 30122.97 10
1563 notebook_1563 13526.88 97
1325 desk_lamp_1325 38394.08 242
468 usb_cable_468 22044.16 240
250 headphones_250 41123.57 205
484 flash_drive_484 20497.59 173
1127 speaker_1127 47587.94 37
1042 mouse_1042 21805.65 66
280 tablet_case_280 25996.30 226
723 charger_723 40453.73 232
1409 speaker_1409 20440.88 230
299 usb_cable_299 24968.94 149
734 charger_734 43494.05 193
1153 phone_case_1153 20989.74 274
158 tablet_case_158 30602.57 37
1052 laptop_stand_1052 40399.09 155
1076 phone_case_1076 12532.47 278
1638 hdd_drive_1638 14409.44 273
1556 flash_drive_1556 31719.72 112
1602 headphones_1602 17619.42 101
1381 tablet_case_1381 39516.42 281
1007 headphones_1007 38594.37 15
96 microphone_96 13354.16 67
418 power_bank_418 17744.54 216
1486 usb_cable_1486 31514.07 20
1714 pen_1714 13364.20 20
565 mouse_565 3844.55 207
1850 hdd_drive_1850 4356.80 196
163 power_bank_163 11020.17 265
1384 phone_case_1384 3502.01 258
1592 tablet_case_1592 40302.85 90
1330 mouse_1330 44854.17 252
624 phone_case_624 23394.07 157
646 notebook_646 16885.04 260
30 charger_30 7229.29 71
1612 monitor_1612 8183.77 116
497 webcam_497 11404.50 70
716 phone_case_716 22392.72 185
1262 hdd_drive_1262 35584.39 19
295 headphones_295 1540.59 122
135 speaker_135 9010.53 135
1711 charger_1711 40070.90 31
1315 flash_drive_1315 20223.52 120
1189 flash_drive_1189 6868.93 268
1367 mouse_1367 46331.59 198
1662 monitor_1662 27205.28 92
1231 hdd_drive_1231 13101.91 150
1016 microphone_1016 2394.48 186
1318 charger_1318 15871.47 254
951 ssd_drive_951 27410.80 66
1191 webcam_1191 41865.14 127
371 router_371 49796.78 59
1510 router_1510 29954.79 278
193 flash_drive_193 16434.90 232
1235 tablet_case_1235 44482.36 256
1351 webcam_1351 10124.37 148
1787 monitor_1787 19493.39 138
556 tablet_case_556 34634.22 188
1801 desk_lamp_1801 47460.91 115
674 hdd_drive_674 46208.08 131
1773 pen_1773 7376.34 22
1296 headphones_1296 6712.33 30
527 power_bank_527 5648.22 147
886 tablet_case_886 4971.39 231
414 monitor_414 4652.12 43
792 mouse_792 38240.51 211
1762 phone_case_1762 21781.11 66
332 notebook_332 34121.84 92
1077 keyboard_1077 49471.24 183
1603 notebook_1603 28837.13 275
1518 flash_drive_1518 37773.10 211
1774 microphone_1774 10064.29 191
38 pen_38 49806.46 270
1996 flash_drive_1996 17829.83 95
1910 pen_1910 19539.36 59
945 hdd_drive_945 22789.31 249
411 flash_drive_411 20857.88 48
1429 pen_1429 41753.94 99
990 keyboard_990 29409.44 7
1785 router_1785 10114.73 138
711 hdd_drive_711 30769.81 112
422 microphone_422 42379.01 179
1637 keyboard_1637 26213.48 69
1600 hdd_drive_1600 18079.30 285
1046 monitor_1046 47183.38 69
108 pen_108 10610.42 175
1827 webcam_1827 3400.20 224
329 keyboard_329 2394.95 28
342 headphones_342 11936.56 292
1577 charger_1577 48827.71 265
1378 keyboard_1378 16595.08 79
949 webcam_949 48409.62 108
982 mouse_982 39211.70 122
504 microphone_504 48482.47 145
1688 desk_lamp_1688 14806.26 250
651 pen_651 23782.05 296
1845 charger_1845 1343.11 232
600 webcam_600 31789.35 282
186 microphone_186 13719.47 248
285 laptop_stand_285 16557.20 253
1792 pen_1792 26624.88 95
453 router_453 5847.15 10
668 tablet_case_668 15920.33 178
532 notebook_532 12172.71 73
1348 usb_cable_1348 20696.00 262
180 flash_drive_180 45251.44 299
775 ssd_drive_775 38798.14 194
1821 usb_cable_1821 25166.00 240
1719 microphone_1719 28544.38 91
1793 webcam_1793 25082.48 234
1611 flash_drive_1611 42460.15 36
1680 laptop_stand_1680 25045.97 173
1143 flash_drive_1143 23600.13 135
1453 flash_drive_1453 38483.09 108
22 pen_22 31785.42 273
1802 usb_cable_1802 17155.13 201
590 phone_case_590 20598.68 209
882 tablet_case_882 5317.01 212
857 notebook_857 39120.52 166
691 mouse_691 562.43 290
1487 notebook_1487 7428.57 85
1080 ssd_drive_1080 19480.23 92
27 flash_drive_27 13460.27 108
257 router_257 43022.32 219
619 speaker_619 22534.84 72
1501 pen_1501 30030.71 272
753 microphone_753 15158.05 73
443 keyboard_443 10300.71 108
911 desk_lamp_911 8426.59 147
1265 headphones_1265 32713.02 10
613 laptop_stand_613 22036.31 247
1209 charger_1209 15177.04 266
1674 headphones_1674 11874.70 222
1851 phone_case_1851 30642.42 81
1885 usb_cable_1885 30753.07 254
513 phone_case_513 42573.19 145
279 notebook_279 2107.56 89
966 power_bank_966 34732.15 244
413 hdd_drive_413 47684.27 242
1212 desk_lamp_1212 32402.37 144
312 microphone_312 28632.70 119
706 keyboard_706 13151.50 184
480 monitor_480 25277.00 88
1270 router_1270 21101.49 51
1251 microphone_1251 11390.66 176
296 laptop_stand_296 15606.43 7
944 monitor_944 20202.25 142
1073 router_1073 24994.69 281
1464 microphone_1464 3236.77 189
767 monitor_767 26828.21 97
610 router_610 32131.17 154
315 tablet_case_315 48244.74 64
812 notebook_812 48868.73 48
170 charger_170 13033.66 126
1982 hdd_drive_1982 5573.95 144
1489 flash_drive_1489 30007.94 288
1705 headphones_1705 24319.98 50
847 power_bank_847 15057.64 39
273 router_273 35016.71 139
931 microphone_931 10572.92 179
153 phone_case_153 23711.99 86
1771 router_1771 8545.84 179
231 router_231 11157.66 124
1525 headphones_1525 10801.46 205
1609 laptop_stand_1609 32064.97 172
1861 desk_lamp_1861 40391.98 252
203 speaker_203 38368.22 85
1679 hdd_drive_1679 38562.77 127
824 mouse_824 4974.52 118
1871 laptop_stand_1871 33637.32 293
604 usb_cable_604 8642.91 172
641 phone_case_641 2108.72 19
1571 pen_1571 15839.30 294
1238 usb_cable_1238 6954.53 102
1697 pen_1697 12015.45 32
1887 tablet_case_1887 40418.22 119
240 speaker_240 36256.79 268
704 charger_704 37712.46 168
73 desk_lamp_73 22485.82 216
1106 ssd_drive_1106 8792.71 287
1914 charger_1914 41489.93 154
591 notebook_591 3780.16 162
475 charger_475 29058.44 21
67 notebook_67 23686.28 242
597 laptop_stand_597 8182.15 115
963 monitor_963 6721.72 115
1049 power_bank_1049 6124.76 183
1388 hdd_drive_1388 14749.36 271
6 desk_lamp_6 10022.00 279
321 ssd_drive_321 31200.64 203
154 monitor_154 14260.94 171
356 laptop_stand_356 12922.81 246
492 usb_cable_492 33538.81 269
322 monitor_322 42603.09 273
167 charger_167 30671.35 258
1531 pen_1531 1983.99 196
1866 webcam_1866 2541.05 75
426 keyboard_426 30488.85 136
204 pen_204 30401.65 58
124 power_bank_124 1336.84 170
1498 headphones_1498 926.48 267
879 microphone_879 22344.35 200
609 tablet_case_609 44460.94 279
1784 mouse_1784 12847.27 30
923 desk_lamp_923 25589.22 293
1263 flash_drive_1263 43839.55 130
463 webcam_463 8757.60 78
853 charger_853 16803.34 69
243 laptop_stand_243 15183.15 273
1458 monitor_1458 19899.58 257
175 desk_lamp_175 4120.83 77
1701 power_bank_1701 32081.11 56
1491 monitor_1491 10908.01 241
311 charger_311 46649.33 96
110 phone_case_110 24477.74 26
152 charger_152 22163.77 109
1008 ssd_drive_1008 40374.68 139
821 microphone_821 28378.13 199
134 ssd_drive_134 46967.93 59
234 power_bank_234 49831.91 281
979 keyboard_979 42409.82 154
518 power_bank_518 2757.52 257
106 usb_cable_106 13296.85 54
378 charger_378 22290.32 120
1527 laptop_stand_1527 19516.27 2
903 notebook_903 5800.18 180
981 webcam_981 37417.40 151
962 headphones_962 154.21 244
583 laptop_stand_583 35619.27 89
1168 headphones_1168 20780.68 75
1473 notebook_1473 32701.49 39
1122 laptop_stand_1122 44239.14 252
1202 webcam_1202 13527.27 209
599 router_599 42312.09 128
112 mouse_112 276.93 66
1920 tablet_case_1920 36648.81 268
562 laptop_stand_562 34519.26 179
260 webcam_260 31313.20 135
29 webcam_29 32806.39 202
1542 keyboard_1542 36872.58 35
1462 usb_cable_1462 36822.40 247
740 charger_740 33707.64 278
466 charger_466 34088.56 289
607 speaker_607 32591.39 292
398 phone_case_398 11155.33 22
206 notebook_206 1381.35 159
580 monitor_580 40544.61 163
1075 flash_drive_1075 6948.08 102
1508 headphones_1508 21331.92 130
992 flash_drive_992 25379.87 256
444 usb_cable_444 38231.63 148
1382 hdd_drive_1382 3736.75 162
380 desk_lamp_380 45094.64 183
245 desk_lamp_245 14677.62 64
1870 mouse_1870 5533.49 91
395 phone_case_395 5771.10 32
1178 speaker_1178 44861.86 10
473 monitor_473 32268.86 46
1513 phone_case_1513 458.98 105
1114 headphones_1114 46840.72 72
555 flash_drive_555 17017.93 95
1799 phone_case_1799 13866.33 31
1260 usb_cable_1260 10638.39 11
1274 router_1274 5789.23 54
872 headphones_872 38470.81 181
1944 pen_1944 17845.65 170
1805 power_bank_1805 12094.00 78
1201 webcam_1201 42869.85 115
1195 keyboard_1195 12172.71 250
628 mouse_628 14139.68 240
499 phone_case_499 38566.65 269
1244 notebook_1244 38247.74 250
454 ssd_drive_454 8676.47 235
603 laptop_stand_603 29631.24 297
191 monitor_191 32173.21 69
36 laptop_stand_36 39624.76 216
918 tablet_case_918 8445.95 289
1006 laptop_stand_1006 18656.28 137
976 hdd_drive_976 48166.11 161
493 monitor_493 32336.64 216
1514 ssd_drive_1514 20501.37 54
1528 monitor_1528 41180.45 241
495 router_495 9095.12 109
1758 router_1758 39339.78 75
392 usb_cable_392 841.53 121
1059 headphones_1059 23155.96 71
21 speaker_21 35120.83 36
566 hdd_drive_566 25702.99 81
573 flash_drive_573 15787.83 142
698 ssd_drive_698 39559.31 290
530 monitor_530 5631.81 255
727 speaker_727 40841.02 111
435 usb_cable_435 7954.75 25
999 router_999 34963.93 122
1230 power_bank_1230 39425.71 169
666 speaker_666 27948.52 115
1730 webcam_1730 18815.65 281
59 headphones_59 12470.49 32
1245 monitor_1245 6557.36 222
1820 hdd_drive_1820 4065.82 244
1434 headphones_1434 9951.14 297
1329 desk_lamp_1329 26147.06 54
924 headphones_924 13467.66 278
1436 usb_cable_1436 33597.65 120
178 ssd_drive_178 27176.30 212
503 charger_503 2280.25 186
661 webcam_661 28088.25 244
550 flash_drive_550 49457.22 278
1249 ssd_drive_1249 37866.70 271
1266 mouse_1266 34518.51 213
991 speaker_991 10865.57 30
1256 pen_1256 26253.47 222
554 power_bank_554 44485.38 225
1069 tablet_case_1069 1571.17 218
1323 ssd_drive_1323 18230.79 27
892 charger_892 11669.59 207
1780 ssd_drive_1780 10529.58 275
942 tablet_case_942 7194.36 137
1840 pen_1840 45959.74 264
888 headphones_888 1227.00 175
217 laptop_stand_217 36716.39 138
1004 keyboard_1004 8275.25 177
1268 speaker_1268 23772.38 78
26 microphone_26 41107.95 161
699 webcam_699 8857.20 207
1554 charger_1554 44836.54 14
1754 usb_cable_1754 16408.90 113
1903 power_bank_1903 46396.72 28
1977 power_bank_1977 35917.78 176
1092 hdd_drive_1092 47383.18 288
712 usb_cable_712 23961.28 232
85 desk_lamp_85 3141.78 160
1160 webcam_1160 40442.19 64
1725 laptop_stand_1725 26741.63 226
618 ssd_drive_618 12162.72 62
209 monitor_209 29645.68 124
1692 laptop_stand_1692 3536.94 79
156 router_156 11309.57 101
407 phone_case_407 30310.80 50
813 phone_case_813 45965.70 117
769 monitor_769 9489.35 300
1264 desk_lamp_1264 31194.43 24
1733 mouse_1733 49149.53 8
53 usb_cable_53 6506.73 243
1589 speaker_1589 40223.97 284
1454 mouse_1454 27624.54 278
638 hdd_drive_638 39765.37 173
336 speaker_336 23032.57 4
1200 mouse_1200 8229.08 292
344 keyboard_344 48899.43 202
756 power_bank_756 27836.95 24
525 monitor_525 1048.29 110
1363 hdd_drive_1363 40719.91 52
447 desk_lamp_447 35213.20 256
1254 monitor_1254 41209.81 152
1811 notebook_1811 45863.89 162
1358 flash_drive_1358 7351.80 28
259 pen_259 48009.43 50
1573 speaker_1573 19954.19 295
1279 webcam_1279 34441.38 246
42 headphones_42 14745.66 80
1449 usb_cable_1449 44575.72 100
1989 usb_cable_1989 678.98 8
64 ssd_drive_64 3635.78 121
83 tablet_case_83 7824.36 151
1550 phone_case_1550 47839.80 275
460 phone_case_460 25546.61 178
1447 tablet_case_1447 27628.42 89
107 desk_lamp_107 7856.85 144
1698 desk_lamp_1698 40970.58 97
1769 power_bank_1769 18326.86 97
1451 monitor_1451 44616.05 259
1585 webcam_1585 21012.74 190
517 charger_517 44243.03 13
864 monitor_864 40966.38 209
1909 desk_lamp_1909 42136.05 292
1772 pen_1772 41097.04 226
692 pen_692 5454.30 171
670 router_670 6181.52 278
1630 speaker_1630 27472.41 69
1740 hdd_drive_1740 7889.74 135
671 flash_drive_671 44798.45 202
1379 mouse_1379 7769.80 165
533 router_533 21519.02 180
1320 mouse_1320 27900.84 0
373 usb_cable_373 19493.43 189
946 ssd_drive_946 29139.58 47
278 notebook_278 47544.24 137
1844 usb_cable_1844 19714.03 165
172 tablet_case_172 31374.75 140
1523 usb_cable_1523 42764.45 60
1156 mouse_1156 25154.86 264
1213 router_1213 34252.22 246
807 router_807 34233.68 41
56 desk_lamp_56 37787.73 102
1891 power_bank_1891 2370.06 179
1483 tablet_case_1483 10614.13 82
958 monitor_958 32763.94 128
1745 tablet_case_1745 8727.83 295
829 laptop_stand_829 34016.77 194
689 mouse_689 49858.87 203
797 tablet_case_797 885.02 272
60 ssd_drive_60 1149.61 283
1642 desk_lamp_1642 18744.83 210
893 laptop_stand_893 9400.71 221
559 desk_lamp_559 14758.94 52
1843 laptop_stand_1843 38958.68 279
1000 mouse_1000 12299.54 222
1715 monitor_1715 41739.38 39
1236 headphones_1236 43388.14 195
1119 microphone_1119 34689.49 179
1404 monitor_1404 37369.85 78
1917 webcam_1917 45676.36 227
799 phone_case_799 36137.42 274
1786 mouse_1786 23301.54 4
721 charger_721 5900.38 105
13 mouse_13 36513.62 274
1632 notebook_1632 21805.37 273
780 ssd_drive_780 20755.12 288
1180 router_1180 14089.30 251
41 speaker_41 38453.08 174
1691 speaker_1691 43396.33 283
798 desk_lamp_798 20625.79 8
861 laptop_stand_861 34117.46 281
424 notebook_424 11385.34 219
128 microphone_128 10058.68 235
852 pen_852 19056.51 168
955 charger_955 22880.25 219
1112 mouse_1112 9185.88 162
678 microphone_678 12198.66 271
835 charger_835 18059.88 138
850 charger_850 5437.92 155
1722 hdd_drive_1722 33757.18 218
1930 webcam_1930 16111.93 98
313 power_bank_313 2278.00 242
785 flash_drive_785 28532.50 125
474 pen_474 29744.58 196
309 desk_lamp_309 24268.64 170
1838 router_1838 38706.48 146
166 phone_case_166 49395.83 162
1107 pen_1107 39370.89 114
655 usb_cable_655 41100.90 124
688 laptop_stand_688 20952.46 90
557 phone_case_557 13409.36 42
481 mouse_481 12462.41 224
586 tablet_case_586 1411.57 283
159 charger_159 20780.61 294
901 phone_case_901 48299.23 160
563 charger_563 2213.52 180
490 usb_cable_490 29792.56 43
1284 speaker_1284 32252.41 233
993 power_bank_993 21236.40 205
1068 power_bank_1068 41102.10 202
568 mouse_568 6398.88 120
507 webcam_507 18455.26 292
531 pen_531 26849.08 263
922 notebook_922 37151.66 253
973 usb_cable_973 46002.72 226
326 microphone_326 37363.64 222
914 keyboard_914 24281.99 99
1900 tablet_case_1900 45816.54 18
874 notebook_874 49182.05 204
1034 headphones_1034 10339.20 121
1255 router_1255 22850.72 266
907 headphones_907 9233.92 72
650 power_bank_650 29226.74 13
1220 power_bank_1220 20289.48 18
1145 laptop_stand_1145 18613.92 195
1604 laptop_stand_1604 48970.72 145
1321 monitor_1321 39609.99 155
274 phone_case_274 27045.08 224
935 hdd_drive_935 26660.81 275
249 speaker_249 47059.07 244
511 speaker_511 2703.77 246
1142 tablet_case_1142 42204.08 157
1631 desk_lamp_1631 8934.13 233
952 notebook_952 42635.89 175
1061 usb_cable_1061 9986.84 205
361 hdd_drive_361 4606.11 202
449 monitor_449 19913.85 21
871 desk_lamp_871 29731.62 43
219 tablet_case_219 23297.20 137
12 hdd_drive_12 42389.97 135
303 webcam_303 46101.22 260
500 mouse_500 33130.27 67
1432 charger_1432 32269.26 37
1013 headphones_1013 44723.99 59
787 speaker_787 38191.70 250
399 phone_case_399 15151.35 15
1179 ssd_drive_1179 40887.56 155
1290 laptop_stand_1290 16500.18 224
849 tablet_case_849 29730.94 100
933 pen_933 7047.82 105
150 router_150 10588.12 296
1252 router_1252 6533.65 196
1747 mouse_1747 36566.39 295
1935 phone_case_1935 5208.53 277
95 webcam_95 33519.33 160
1463 hdd_drive_1463 2116.95 249
302 charger_302 27608.13 196
1963 notebook_1963 39387.61 278
1723 headphones_1723 8423.79 92
636 pen_636 34051.89 60
1594 desk_lamp_1594 36055.96 249
1647 pen_1647 40397.99 139
687 desk_lamp_687 36960.46 19
1586 hdd_drive_1586 42730.87 143
1297 laptop_stand_1297 5275.28 247
1056 router_1056 13082.32 89
582 desk_lamp_582 14589.08 153
174 microphone_174 13658.58 163
1873 notebook_1873 18073.41 18
348 microphone_348 31867.23 128
970 usb_cable_970 3513.74 288
1047 notebook_1047 5537.74 54
1668 phone_case_1668 33333.79 106
906 ssd_drive_906 5981.30 156
1500 pen_1500 4905.30 243
953 mouse_953 2392.55 235
660 mouse_660 35318.18 265
1341 phone_case_1341 39075.97 90
1742 microphone_1742 12886.57 153
1188 monitor_1188 15625.04 259
1484 power_bank_1484 1220.06 22
1857 router_1857 31360.00 60
588 usb_cable_588 30636.22 44
623 webcam_623 38179.76 255
1 headphones_1 1348.04 140
1123 flash_drive_1123 17626.44 192
832 speaker_832 7795.63 78
617 hdd_drive_617 25797.51 54
1166 phone_case_1166 22962.04 6
1261 notebook_1261 25281.21 63
357 router_357 37353.31 173
1636 speaker_1636 7870.31 5
1362 webcam_1362 37704.34 16
862 keyboard_862 47654.93 236
1665 microphone_1665 19301.42 226
261 monitor_261 7937.15 88
1536 router_1536 9817.85 261
606 monitor_606 2368.54 295
1671 desk_lamp_1671 26094.22 129
669 desk_lamp_669 46691.65 140
837 power_bank_837 22497.30 284
1864 pen_1864 30045.10 125
634 router_634 3769.23 258
1039 charger_1039 48730.28 43
616 hdd_drive_616 48771.17 66
1936 hdd_drive_1936 27513.35 138
1534 laptop_stand_1534 32050.54 224
1417 flash_drive_1417 19816.15 15
1277 hdd_drive_1277 35201.49 151
1706 mouse_1706 28593.51 198
1361 mouse_1361 34560.68 151
144 router_144 25405.41 209
884 hdd_drive_884 15663.33 233
746 microphone_746 10383.47 51
404 usb_cable_404 13823.30 299
1374 monitor_1374 9430.13 88
1103 flash_drive_1103 29342.23 172
1065 charger_1065 40484.00 47
4 mouse_4 1586.88 111
1670 ssd_drive_1670 8014.71 21
1614 speaker_1614 30308.71 202
522 usb_cable_522 6966.22 146
1664 flash_drive_1664 41429.78 62
1694 desk_lamp_1694 18418.92 0
1822 hdd_drive_1822 9280.43 198
1627 phone_case_1627 41942.04 14
1048 laptop_stand_1048 22533.38 160
1242 ssd_drive_1242 31761.50 2
894 flash_drive_894 1556.69 101
1610 power_bank_1610 31600.54 292
708 charger_708 15409.64 207
890 microphone_890 25848.10 282
1824 webcam_1824 11391.03 209
223 ssd_drive_223 1532.13 166
79 webcam_79 43246.05 30
1553 ssd_drive_1553 48065.81 234
1190 notebook_1190 1544.51 98
1791 headphones_1791 45203.22 248
1578 charger_1578 15851.00 4
1846 notebook_1846 44841.21 103
57 router_57 20009.72 191
679 microphone_679 31933.43 26
1663 webcam_1663 44795.38 128
1392 mouse_1392 34159.31 164
819 usb_cable_819 37637.50 203
1837 webcam_1837 14629.85 203
1314 mouse_1314 25395.77 281
720 laptop_stand_720 16473.07 266
572 notebook_572 6970.99 187
1921 router_1921 38799.11 73
1964 microphone_1964 8736.96 39
673 router_673 2199.12 40
817 mouse_817 9049.79 161
396 tablet_case_396 22468.93 185
1748 flash_drive_1748 4016.02 28
49 tablet_case_49 1071.89 185
457 phone_case_457 4024.49 158
1918 phone_case_1918 1344.25 247
626 phone_case_626 22915.81 123
717 monitor_717 45870.51 57
943 power_bank_943 18821.10 38
409 webcam_409 21560.49 116
456 microphone_456 21840.26 205
964 phone_case_964 34031.14 4
80 laptop_stand_80 19010.76 199
784 usb_cable_784 9889.97 117
222 charger_222 28535.50 194
1971 monitor_1971 10958.83 71
1959 notebook_1959 20730.75 124
1807 charger_1807 27157.46 105
509 flash_drive_509 25195.04 214
1576 phone_case_1576 17429.72 89
844 flash_drive_844 8558.14 137
681 headphones_681 34091.48 70
368 monitor_368 31806.66 237
51 notebook_51 47352.78 43
845 router_845 13493.50 74
363 charger_363 18492.42 134
333 laptop_stand_333 8835.96 195
1645 flash_drive_1645 11107.56 40
317 headphones_317 43722.10 225
1272 power_bank_1272 41549.57 53
1643 desk_lamp_1643 21911.61 127
1147 speaker_1147 22043.05 134
725 notebook_725 2981.07 236
211 pen_211 40295.85 289
1366 flash_drive_1366 11956.01 147
1656 keyboard_1656 11717.24 77
1810 usb_cable_1810 21560.21 74
431 monitor_431 37330.98 110
733 hdd_drive_733 49643.54 195
1587 charger_1587 9076.47 67
747 pen_747 1775.46 24
632 mouse_632 20089.02 291
86 mouse_86 2602.10 244
262 desk_lamp_262 3845.74 1
881 usb_cable_881 17313.87 12
304 usb_cable_304 43214.94 141
1132 pen_1132 44498.69 80
1193 webcam_1193 13771.48 237
1834 mouse_1834 43901.22 125
74 laptop_stand_74 13999.40 127
1118 charger_1118 668.64 107
306 speaker_306 41045.42 144
1416 pen_1416 4416.61 224
1655 router_1655 13532.84 224
1768 monitor_1768 5715.24 211
1778 keyboard_1778 17229.24 56
1149 mouse_1149 7641.42 49
876 headphones_876 626.33 132
1446 charger_1446 18001.21 156
1130 monitor_1130 16963.73 247
905 pen_905 29549.40 68
1777 pen_1777 46343.81 147
537 phone_case_537 39341.98 259
1305 notebook_1305 11276.85 173
268 power_bank_268 5827.34 115
684 tablet_case_684 32561.88 147
8 keyboard_8 37964.49 81
91 flash_drive_91 6082.34 291
567 keyboard_567 7224.70 224
1681 mouse_1681 3082.78 78
1300 pen_1300 1537.93 66
1949 tablet_case_1949 11661.54 114
105 router_105 46594.63 53
1817 usb_cable_1817 9318.85 136
1770 ssd_drive_1770 17291.79 12
1036 usb_cable_1036 35611.46 47
541 monitor_541 17305.64 53
1299 pen_1299 19049.56 183
1408 monitor_1408 28790.62 116
417 desk_lamp_417 28128.00 62
703 keyboard_703 13113.19 120
1470 speaker_1470 41760.13 134
432 flash_drive_432 21049.64 174
1239 ssd_drive_1239 20518.67 291
578 tablet_case_578 10088.90 69
558 power_bank_558 4038.46 92
1954 tablet_case_1954 23115.96 87
1816 usb_cable_1816 38977.48 54
1521 tablet_case_1521 12763.50 157
220 ssd_drive_220 42600.49 44
237 headphones_237 36092.09 161
1942 headphones_1942 19241.62 44
276 ssd_drive_276 30225.31 13
213 hdd_drive_213 3540.94 174
1359 webcam_1359 13422.22 82
614 charger_614 10280.75 73
1136 router_1136 11953.66 25
1368 power_bank_1368 47839.43 160
17 mouse_17 33097.04 148
1818 pen_1818 28395.45 118
1340 power_bank_1340 41956.92 247
1253 phone_case_1253 29474.67 85
620 headphones_620 2625.20 196
1441 hdd_drive_1441 40404.22 219
1113 pen_1113 11122.67 289
1728 power_bank_1728 41325.13 165
1800 speaker_1800 43946.00 15
584 hdd_drive_584 25486.91 62
757 hdd_drive_757 47085.16 195
501 pen_501 18898.32 83
1598 tablet_case_1598 41964.69 49
715 microphone_715 34049.06 41
272 router_272 22013.76 239
1572 speaker_1572 24591.19 261
1037 mouse_1037 46071.59 266
437 tablet_case_437 30393.09 212
1102 hdd_drive_1102 48031.88 191
151 pen_151 32769.81 238
205 laptop_stand_205 48239.57 55
1154 tablet_case_1154 28678.44 120
1273 phone_case_1273 35966.43 60
939 mouse_939 49625.06 64
20 laptop_stand_20 18572.03 107
149 desk_lamp_149 41702.89 155
1540 flash_drive_1540 17721.07 202
1579 keyboard_1579 33737.74 194
937 router_937 28679.51 263
615 ssd_drive_615 43088.11 163
1322 phone_case_1322 28160.40 233
1731 speaker_1731 18064.43 231
269 usb_cable_269 45429.73 72
1858 usb_cable_1858 48025.65 1
1633 router_1633 45455.27 246
489 hdd_drive_489 15580.56 200
644 usb_cable_644 16465.50 163
1973 usb_cable_1973 33077.98 231
1372 notebook_1372 27376.10 100
419 mouse_419 48423.09 159
535 monitor_535 26221.88 184
648 router_648 23797.14 8
1071 speaker_1071 14064.74 76
1158 headphones_1158 47467.82 229
1842 monitor_1842 36160.07 57
1347 router_1347 22697.00 68
859 hdd_drive_859 5783.00 288
168 power_bank_168 41545.40 280
1269 webcam_1269 34790.08 4
82 router_82 21208.07 284
1218 ssd_drive_1218 34069.71 13
1186 tablet_case_1186 37998.72 191
505 charger_505 11776.75 122
1167 pen_1167 29420.05 214
246 tablet_case_246 5219.12 6
827 charger_827 24581.11 182
482 charger_482 26251.02 81
1383 phone_case_1383 11076.10 94
140 webcam_140 12810.65 223
1219 tablet_case_1219 49873.71 132
141 keyboard_141 26044.03 275
381 mouse_381 19967.17 97
165 headphones_165 22877.45 237
1041 flash_drive_1041 3834.04 290
117 notebook_117 27671.00 220
323 flash_drive_323 47711.57 249
1088 microphone_1088 28827.04 198
1030 microphone_1030 7613.26 209
977 usb_cable_977 12464.54 43
1197 notebook_1197 27611.55 176
103 router_103 30622.72 270
118 usb_cable_118 2187.26 186
643 phone_case_643 22903.73 263
1532 flash_drive_1532 30736.88 266
1755 usb_cable_1755 2620.94 201
1111 notebook_1111 19640.91 290
1507 flash_drive_1507 17590.84 294
1187 mouse_1187 25811.96 81
120 microphone_120 33379.98 181
446 power_bank_446 8867.17 194
608 power_bank_608 30943.61 15
389 speaker_389 42934.47 74
318 headphones_318 26344.96 233
997 usb_cable_997 26865.87 200
1472 flash_drive_1472 32718.40 187
1356 desk_lamp_1356 14367.81 216
1139 power_bank_1139 4472.66 245
1605 hdd_drive_1605 16322.01 261
1497 microphone_1497 18972.75 67
1427 webcam_1427 20691.46 262
1741 hdd_drive_1741 44492.31 127
585 webcam_585 39624.08 121
932 pen_932 31675.25 84
1608 charger_1608 31622.44 74
1606 tablet_case_1606 38759.74 228
544 ssd_drive_544 40694.09 89
800 router_800 955.42 220
5 microphone_5 25317.23 13
777 router_777 13151.93 262
338 laptop_stand_338 3785.71 176
1710 tablet_case_1710 46427.35 40
1869 pen_1869 14992.23 44
438 speaker_438 10856.89 262
986 hdd_drive_986 46702.83 67
1700 usb_cable_1700 30690.66 165
833 flash_drive_833 15902.24 54
341 webcam_341 49968.74 247
485 pen_485 2713.04 171
1544 notebook_1544 17469.95 141
1981 mouse_1981 142.08 286
31 microphone_31 37274.95 275
1108 notebook_1108 40741.27 193
1336 mouse_1336 46338.66 63
104 keyboard_104 33426.37 283
201 microphone_201 6398.43 58
1128 ssd_drive_1128 8588.25 192
908 phone_case_908 19484.32 70
155 monitor_155 40939.33 120
512 hdd_drive_512 27771.58 52
948 monitor_948 39804.33 203
1702 headphones_1702 26207.71 34
376 pen_376 20464.98 143
1825 keyboard_1825 46279.21 211
288 ssd_drive_288 12694.70 59
919 keyboard_919 39814.46 112
1937 usb_cable_1937 47169.56 145
1687 mouse_1687 24316.58 224
393 notebook_393 16256.20 89
510 laptop_stand_510 40862.87 70
224 laptop_stand_224 24428.74 181
1640 tablet_case_1640 15050.56 220
695 phone_case_695 23454.24 98
1492 tablet_case_1492 8611.28 210
825 monitor_825 17095.58 203
125 power_bank_125 40131.53 127
202 notebook_202 47393.08 238
1324 microphone_1324 42231.44 169
1339 phone_case_1339 36837.08 283
1380 pen_1380 2637.69 154
111 monitor_111 31750.79 141
1890 webcam_1890 39998.26 212
957 router_957 8032.98 140
842 flash_drive_842 38980.54 286
868 charger_868 49535.96 245
726 router_726 36191.68 202
883 monitor_883 5891.86 72
1350 ssd_drive_1350 35622.53 283
1947 notebook_1947 6676.58 239
194 ssd_drive_194 16941.28 194
390 usb_cable_390 27056.75 89
834 monitor_834 359.24 157
1654 keyboard_1654 9378.29 52
1693 charger_1693 14854.07 134
1607 monitor_1607 19115.44 146
498 usb_cable_498 3950.54 51
969 router_969 6942.75 68
1181 headphones_1181 48627.58 116
1170 headphones_1170 28177.92 51
1482 headphones_1482 24127.68 245
271 pen_271 37472.99 291
1739 usb_cable_1739 4804.93 235
439 headphones_439 17324.13 56
995 pen_995 7718.75 42
1371 microphone_1371 45583.17 188
571 hdd_drive_571 18663.47 39
488 ssd_drive_488 4166.95 72
1053 pen_1053 2112.46 167
1713 hdd_drive_1713 39733.05 29
677 usb_cable_677 5550.41 300
65 speaker_65 33481.99 109
139 headphones_139 19321.25 295
469 charger_469 31606.12 140
121 desk_lamp_121 44218.32 208
1293 headphones_1293 20098.80 233
1450 speaker_1450 36703.88 39
146 desk_lamp_146 6451.66 215
15 monitor_15 27646.83 185
1968 laptop_stand_1968 15470.98 207
1206 speaker_1206 30456.36 156
472 mouse_472 2938.81 146
1135 desk_lamp_1135 13336.71 144
1205 pen_1205 40063.15 114
44 phone_case_44 38121.91 259
693 router_693 22772.02 278
132 speaker_132 17622.19 260
461 hdd_drive_461 36396.22 75
508 charger_508 23137.83 144
248 charger_248 17101.23 26
925 hdd_drive_925 27147.96 21
1060 headphones_1060 696.65 113
898 notebook_898 5177.43 274
765 microphone_765 12824.28 169
1972 notebook_1972 45172.47 0
1376 power_bank_1376 14027.70 135
1841 usb_cable_1841 23232.59 231
639 desk_lamp_639 46953.53 73
1461 laptop_stand_1461 28361.23 289
412 ssd_drive_412 21395.52 130
1413 notebook_1413 2371.29 37
1939 router_1939 30701.82 173
1547 keyboard_1547 13129.26 208
1776 headphones_1776 37005.12 124
434 notebook_434 29851.57 26
867 power_bank_867 39474.93 37
1243 charger_1243 13749.04 86
1081 keyboard_1081 16011.99 112
1853 laptop_stand_1853 45621.41 289
339 notebook_339 15027.80 217
1126 mouse_1126 14815.94 163
974 webcam_974 4425.73 51
1352 hdd_drive_1352 46067.47 67
263 power_bank_263 22580.13 240
258 router_258 28474.61 30
1569 pen_1569 430.52 277
1091 hdd_drive_1091 45707.60 14
1558 hdd_drive_1558 25873.56 4
142 webcam_142 18274.65 35
1672 tablet_case_1672 31962.15 101
996 router_996 4043.18 104
1499 phone_case_1499 34249.95 76
176 microphone_176 19213.46 78
1933 usb_cable_1933 7959.05 58
1865 desk_lamp_1865 13977.84 285
494 phone_case_494 18155.22 185
119 mouse_119 44956.34 107
491 router_491 27990.21 168
630 power_bank_630 6783.35 135
1941 keyboard_1941 23589.71 25
1704 laptop_stand_1704 43687.29 103
744 mouse_744 40492.96 214
230 charger_230 39667.35 47
40 headphones_40 34117.35 274
1001 headphones_1001 22723.25 28
664 desk_lamp_664 17778.92 135
1227 desk_lamp_1227 38169.62 93
2 microphone_2 11238.22 52
1087 desk_lamp_1087 40832.63 28
1595 router_1595 12623.60 290
1105 power_bank_1105 39612.94 249
331 usb_cable_331 12285.45 210
1562 tablet_case_1562 15762.25 111
766 monitor_766 46119.08 189
1830 flash_drive_1830 38833.11 194
1974 desk_lamp_1974 14646.01 295
1894 speaker_1894 39530.76 157
1790 microphone_1790 48991.66 260
1309 usb_cable_1309 41967.75 285
1724 desk_lamp_1724 20137.70 172
612 router_612 22731.85 30
1281 monitor_1281 45353.31 293
1783 keyboard_1783 18892.67 269
218 pen_218 40429.14 275
1040 notebook_1040 4869.29 68
366 keyboard_366 31015.39 287
1561 monitor_1561 27772.12 91
1026 keyboard_1026 18509.08 149
540 speaker_540 37391.10 182
1474 phone_case_1474 12654.16 114
1794 desk_lamp_1794 46324.86 11
1479 speaker_1479 10654.70 95
7 power_bank_7 11099.99 142
930 charger_930 43277.99 60
324 desk_lamp_324 1891.37 35
891 laptop_stand_891 16616.38 218
602 pen_602 26720.55 257
1999 phone_case_1999 13535.60 279
1956 usb_cable_1956 25446.69 207
1313 ssd_drive_1313 12120.50 142
1575 tablet_case_1575 46988.76 16
1899 webcam_1899 16592.69 173
1538 mouse_1538 18051.03 0
1100 mouse_1100 1193.45 300
1397 tablet_case_1397 2288.20 98
235 ssd_drive_235 17655.35 232
1477 phone_case_1477 44113.51 225
1826 microphone_1826 37144.10 103
24 speaker_24 49477.22 285
1763 usb_cable_1763 24098.03 101
1134 webcam_1134 20523.07 283
515 charger_515 45274.78 75
1084 phone_case_1084 17935.90 299
959 monitor_959 18655.00 84
1221 notebook_1221 35432.64 292
782 speaker_782 27710.25 299
789 laptop_stand_789 7083.93 279
131 flash_drive_131 16480.27 35
1222 webcam_1222 17224.04 113
1984 ssd_drive_1984 35617.51 207
1394 flash_drive_1394 12903.87 144
1623 headphones_1623 13196.37 79
328 charger_328 8401.60 153
1286 headphones_1286 40677.60 20
314 flash_drive_314 19365.33 77
225 speaker_225 17082.91 141
1764 tablet_case_1764 19826.41 292
97 router_97 22915.51 37
1548 phone_case_1548 5412.60 37
187 keyboard_187 19503.97 207
1011 hdd_drive_1011 2866.41 290
1044 flash_drive_1044 35066.21 167
284 ssd_drive_284 16120.81 53
1881 phone_case_1881 49360.74 247
742 microphone_742 23085.20 79
818 keyboard_818 48077.31 300
1196 pen_1196 22360.56 242
1839 charger_1839 8407.68 150
878 desk_lamp_878 29067.86 294
1198 laptop_stand_1198 41898.92 132
1530 speaker_1530 11166.34 40
539 mouse_539 31819.97 191
1104 router_1104 16197.90 80
1975 charger_1975 9863.76 162
1526 ssd_drive_1526 40062.60 26
506 router_506 48283.27 240
1993 charger_1993 44689.77 217
543 usb_cable_543 2312.35 279
293 speaker_293 27506.06 147
940 usb_cable_940 12558.89 164
1317 charger_1317 4492.19 255
1812 monitor_1812 27911.28 60
811 tablet_case_811 42281.96 169
1023 mouse_1023 47708.56 35
1343 headphones_1343 19431.54 164
436 monitor_436 13677.93 217
645 laptop_stand_645 19708.43 153
1471 notebook_1471 27263.07 89
1795 mouse_1795 12444.87 271
1162 webcam_1162 49863.73 75
433 laptop_stand_433 18565.65 166
136 mouse_136 5509.29 222
549 ssd_drive_549 46675.21 263
822 desk_lamp_822 16653.32 71
647 desk_lamp_647 24543.35 288
1649 speaker_1649 20703.90 35
1983 keyboard_1983 11838.53 201
1684 hdd_drive_1684 40295.72 224
470 notebook_470 2902.99 259
115 keyboard_115 5682.51 76
1590 power_bank_1590 42829.81 100
1574 usb_cable_1574 2801.99 216
1727 ssd_drive_1727 42258.22 211
665 pen_665 24260.59 126
1403 desk_lamp_1403 41454.56 222
450 power_bank_450 1035.20 39
1141 laptop_stand_1141 31945.71 41
1410 flash_drive_1410 21707.95 8
1311 phone_case_1311 42457.39 253
553 ssd_drive_553 13733.51 188
778 tablet_case_778 23353.60 240
947 charger_947 31778.54 183
335 notebook_335 7241.57 236
1995 power_bank_1995 27647.30 230
1494 laptop_stand_1494 31198.27 261
1094 tablet_case_1094 27152.02 89
351 notebook_351 18306.58 67
1301 tablet_case_1301 46027.86 57
1248 webcam_1248 36559.89 7
147 flash_drive_147 33898.17 89
1328 keyboard_1328 17133.72 149
1400 desk_lamp_1400 465.80 33
1438 webcam_1438 15957.52 230
547 charger_547 1945.49 103
1373 webcam_1373 14779.47 90
430 monitor_430 7179.55 15
728 notebook_728 3744.17 216
759 power_bank_759 7545.96 192
334 pen_334 34188.42 254
748 microphone_748 37053.00 205
1709 keyboard_1709 46517.53 106
1302 power_bank_1302 22090.33 32
929 charger_929 13214.48 44
1955 router_1955 38420.28 294
1948 headphones_1948 22833.65 238
207 notebook_207 33899.63 192
1775 usb_cable_1775 37910.92 43
1979 flash_drive_1979 42397.07 150
1752 flash_drive_1752 2800.98 268
164 charger_164 2605.90 127
593 hdd_drive_593 6503.90 282
1584 hdd_drive_1584 9277.29 217
467 pen_467 16228.09 161
1355 tablet_case_1355 29182.03 213
94 notebook_94 26186.86 133
143 ssd_drive_143 31195.45 63
1443 microphone_1443 35638.74 223
394 speaker_394 2714.71 215
1183 ssd_drive_1183 13544.06 213
741 power_bank_741 26643.49 117
1765 webcam_1765 28102.26 268
1814 keyboard_1814 38295.21 211
1267 charger_1267 19074.66 280
1288 power_bank_1288 36953.16 48
1699 phone_case_1699 34192.89 282
601 speaker_601 6346.00 155
1131 keyboard_1131 21623.03 84
162 keyboard_162 44643.73 54
776 charger_776 26729.14 183
1889 headphones_1889 1296.94 60
256 phone_case_256 19080.86 226
1099 ssd_drive_1099 35875.19 165
941 microphone_941 38097.53 201
1495 speaker_1495 8469.31 175
89 monitor_89 42581.99 35
1653 keyboard_1653 7692.25 273
542 notebook_542 36785.83 170
1237 phone_case_1237 14987.95 27
705 router_705 29164.79 293
1736 webcam_1736 42800.45 11
736 usb_cable_736 32711.35 178
199 mouse_199 37736.24 126
779 ssd_drive_779 45725.09 189
190 notebook_190 28263.16 13
1991 power_bank_1991 48751.25 69
690 tablet_case_690 9396.95 148
1564 tablet_case_1564 36881.90 120
441 phone_case_441 33389.91 23
319 keyboard_319 36149.95 209
1965 notebook_1965 41853.73 58
697 speaker_697 35958.05 7
866 microphone_866 12708.82 78
1430 headphones_1430 9149.76 290
327 headphones_327 38042.45 51
1651 charger_1651 30924.70 139
1555 tablet_case_1555 5901.79 34
14 headphones_14 48658.48 193
1781 webcam_1781 10269.69 267
1658 power_bank_1658 15647.68 255
570 mouse_570 30294.23 230
1207 speaker_1207 21247.96 192
920 router_920 1731.48 115
452 flash_drive_452 35504.00 213
860 webcam_860 29652.13 279
1987 desk_lamp_1987 19291.29 184
1437 headphones_1437 14328.34 35
1331 usb_cable_1331 41109.75 209
1467 flash_drive_1467 23536.74 232
408 headphones_408 42654.36 282
1150 monitor_1150 33440.24 277
55 pen_55 21214.58 108
1233 mouse_1233 43333.03 298
1035 power_bank_1035 24652.24 30
477 webcam_477 16144.19 243
448 desk_lamp_448 41684.37 181
192 charger_192 9168.28 133
62 monitor_62 35421.26 30
66 desk_lamp_66 6702.36 292
865 tablet_case_865 7045.04 155
1210 pen_1210 19917.91 52
179 mouse_179 10421.04 215
1117 monitor_1117 41100.92 171
1828 pen_1828 24548.15 166
1517 power_bank_1517 28277.04 141
1386 flash_drive_1386 4688.08 113
210 headphones_210 34889.93 154
1509 tablet_case_1509 38316.36 42
286 router_286 33162.92 205
458 ssd_drive_458 11156.45 86
502 laptop_stand_502 41584.12 84
564 pen_564 49907.71 140
1519 desk_lamp_1519 39211.04 247
52 tablet_case_52 40819.56 272
229 tablet_case_229 32330.55 251
1310 pen_1310 2822.85 80
